#
#
#  Percent Identity  Matrix - created by Clustal2.1 
#
#

     1: NC_000016.10_56608584-56609497  100.00   42.14   39.55   40.33   38.52   39.66   38.55   33.65   37.59   38.98   34.81
     2: XM_063312802.1                   42.14  100.00   70.12   71.79   78.77   70.55   71.21   63.91   65.78   67.04   66.26
     3: XM_070761682.1                   39.55   70.12  100.00   83.80   85.37   83.64   85.57   59.42   59.64   62.36   61.94
     4: XM_039353830.1                   40.33   71.79   83.80  100.00   96.98   86.70   89.85   59.32   60.18   66.02   63.21
     5: XM_029285800.1                   38.52   78.77   85.37   96.98  100.00   87.75   90.24   60.64   60.25   66.30   64.78
     6: XM_058155358.1                   39.66   70.55   83.64   86.70   87.75  100.00   91.38   59.57   61.70   64.44   61.94
     7: XM_060681556.1                   38.55   71.21   85.57   89.85   90.24   91.38  100.00   59.38   60.73   66.76   62.91
     8: XR_006415119.1                   33.65   63.91   59.42   59.32   60.64   59.57   59.38  100.00   65.94   67.68   69.93
     9: XM_053270402.1                   37.59   65.78   59.64   60.18   60.25   61.70   60.73   65.94  100.00   69.72   70.17
    10: XM_056856636.1                   38.98   67.04   62.36   66.02   66.30   64.44   66.76   67.68   69.72  100.00   71.47
    11: XM_061593758.1                   34.81   66.26   61.94   63.21   64.78   61.94   62.91   69.93   70.17   71.47  100.00
